void atapkecil() {
    glColor3f(0.25, 0.54, 0.38);
    kk2(-95.0, -120.0, -70.0, -40.0, -10.0, -90.0);
    kk2(-145.0, -120.0, -70.0, -40.0, -10.0, -90.0);
    
    kk2(-145.0, -170.0, -70.0, -40.0, -10.0, -90.0);
    kk2(-195.0, -170.0, -70.0, -40.0, -10.0, -90.0);

    kk2(95.0, 120.0, -70.0, -40.0, -10.0, -90.0);
    kk2(145.0, 120.0, -70.0, -40.0, -10.0, -90.0);

    kk2(145.0, 170.0, -70.0, -40.0, -10.0, -90.0);
    kk2(195.0, 170.0, -70.0, -40.0, -10.0, -90.0);

    //tiangnya
    glColor3f(0.9, 0.77, 0.86);
    db2(-100.0, -100.0, -105.0, -105.0, -160.0, -70.0, -20.0);
    kk(-100.0, -160.0, -70.0, -10.0, -20.0);
    kk(-105.0, -160.0, -70.0, -10.0, -20.0);
    db2(-100.0, -100.0, -105.0, -105.0, -160.0, -70.0, -10.0);

    glColor3f(0.9, 0.77, 0.86);
    db2(-100.0, -100.0, -105.0, -105.0, -160.0, -70.0, -90.0);
    kk(-100.0, -160.0, -70.0, -80.0, -90.0);
    kk(-105.0, -160.0, -70.0, -80.0, -90.0);
    db2(-100.0, -100.0, -105.0, -105.0, -160.0, -70.0, -80.0);

    glColor3f(0.9, 0.77, 0.86);
    db2(-140.0, -140.0, -135.0, -135.0, -160.0, -70.0, -20.0);
    kk(-140.0, -160.0, -70.0, -10.0, -20.0);
    kk(-135.0, -160.0, -70.0, -10.0, -20.0);
    db2(-140.0, -140.0, -135.0, -135.0, -160.0, -70.0, -10.0);

    glColor3f(0.9, 0.77, 0.86);
    db2(-140.0, -140.0, -135.0, -135.0, -160.0, -70.0, -90.0);
    kk(-140.0, -160.0, -70.0, -80.0, -90.0);
    kk(-135.0, -160.0, -70.0, -80.0, -90.0);
    db2(-140.0, -140.0, -135.0, -135.0, -160.0, -70.0, -80.0);

    //paling kiri 
    db2(-150.0, -150.0, -155.0, -155.0, -160.0, -70.0, -20.0);
    kk(-150.0, -160.0, -70.0, -10.0, -20.0);
    kk(-155.0, -160.0, -70.0, -10.0, -20.0);
    db2(-150.0, -150.0, -155.0, -155.0, -160.0, -70.0, -10.0);

    glColor3f(0.9, 0.77, 0.86);
    db2(-150.0, -150.0, -155.0, -155.0, -160.0, -70.0, -90.0);
    kk(-150.0, -160.0, -70.0, -80.0, -90.0);
    kk(-155.0, -160.0, -70.0, -80.0, -90.0);
    db2(-100.0, -100.0, -105.0, -105.0, -160.0, -70.0, -80.0);

    glColor3f(0.9, 0.77, 0.86);
    db2(-190.0, -190.0, -185.0, -185.0, -160.0, -70.0, -20.0);
    kk(-190.0, -160.0, -70.0, -10.0, -20.0);
    kk(-185.0, -160.0, -70.0, -10.0, -20.0);
    db2(-190.0, -190.0, -185.0, -185.0, -160.0, -70.0, -10.0);

    glColor3f(0.9, 0.77, 0.86);
    db2(-190.0, -190.0, -185.0, -185.0, -160.0, -70.0, -90.0);
    kk(-190.0, -160.0, -70.0, -80.0, -90.0);
    kk(-185.0, -160.0, -70.0, -80.0, -90.0);
    db2(-190.0, -190.0, -185.0, -185.0, -160.0, -70.0, -80.0);

    //kanan
    glColor3f(0.9, 0.77, 0.86);
    db2(100.0, 100.0, 105.0, 105.0, -160.0, -70.0, -20.0);
    kk(100.0, -160.0, -70.0, -10.0, -20.0);
    kk(105.0, -160.0, -70.0, -10.0, -20.0);
    db2(100.0, 100.0, 105.0, 105.0, -160.0, -70.0, -10.0);

    glColor3f(0.9, 0.77, 0.86);
    db2(100.0, 100.0, 105.0, 105.0, -160.0, -70.0, -90.0);
    kk(100.0, -160.0, -70.0, -80.0, -90.0);
    kk(105.0, -160.0, -70.0, -80.0, -90.0);
    db2(100.0, 100.0, 105.0, 105.0, -160.0, -70.0, -80.0);

    glColor3f(0.9, 0.77, 0.86);
    db2(140.0, 140.0, 135.0, 135.0, -160.0, -70.0, -20.0);
    kk(140.0, -160.0, -70.0, -10.0, -20.0);
    kk(135.0, -160.0, -70.0, -10.0, -20.0);
    db2(140.0, 140.0, 135.0, 135.0, -160.0, -70.0, -10.0);

    glColor3f(0.9, 0.77, 0.86);
    db2(140.0, 140.0, 135.0, 135.0, -160.0, -70.0, -90.0);
    kk(140.0, -160.0, -70.0, -80.0, -90.0);
    kk(135.0, -160.0, -70.0, -80.0, -90.0);
    db2(140.0, 140.0, 135.0, 135.0, -160.0, -70.0, -80.0);

    //paling kanan 
    db2(150.0, 150.0, 155.0, 155.0, -160.0, -70.0, -20.0);
    kk(150.0, -160.0, -70.0, -10.0, -20.0);
    kk(155.0, -160.0, -70.0, -10.0, -20.0);
    db2(150.0, 150.0, 155.0, 155.0, -160.0, -70.0, -10.0);

    glColor3f(0.9, 0.77, 0.86);
    db2(150.0, 150.0, 155.0, 155.0, -160.0, -70.0, -90.0);
    kk(150.0, -160.0, -70.0, -80.0, -90.0);
    kk(155.0, -160.0, -70.0, -80.0, -90.0);
    db2(100.0, 100.0, 105.0, 105.0, -160.0, -70.0, -80.0);

    glColor3f(0.9, 0.77, 0.86);
    db2(190.0, 190.0, 185.0, 185.0, -160.0, -70.0, -20.0);
    kk(190.0, -160.0, -70.0, -10.0, -20.0);
    kk(185.0, -160.0, -70.0, -10.0, -20.0);
    db2(190.0, 190.0, 185.0, 185.0, -160.0, -70.0, -10.0);

    glColor3f(0.9, 0.77, 0.86);
    db2(190.0, 190.0, 185.0, 185.0, -160.0, -70.0, -90.0);
    kk(190.0, -160.0, -70.0, -80.0, -90.0);
    kk(185.0, -160.0, -70.0, -80.0, -90.0);
    db2(190.0, 190.0, 185.0, 185.0, -160.0, -70.0, -80.0);

    //segitiga kiri
    glBegin(GL_QUADS);
    glColor3f(0.2, 0.2, 0.2);
    glVertex3f(-95, -70, -13);
    glVertex3f(-120, -40, -13);
    glVertex3f(-145, -70, -13);
    glVertex3f(-145, -70, -13);
    glEnd();

    glBegin(GL_QUADS);
    glColor3f(0.2, 0.2, 0.2);
    glVertex3f(-95, -70, -87);
    glVertex3f(-120, -40, -87);
    glVertex3f(-145, -70, -87);
    glVertex3f(-145, -70, -87);
    glEnd();

    glBegin(GL_QUADS);
    glColor3f(0.2, 0.2, 0.2);
    glVertex3f(-195, -70, -13);
    glVertex3f(-170, -40, -13);
    glVertex3f(-145, -70, -13);
    glVertex3f(-145, -70, -13);
    glEnd();

    glBegin(GL_QUADS);
    glColor3f(0.2, 0.2, 0.2);
    glVertex3f(-195, -70, -87);
    glVertex3f(-170, -40, -87);
    glVertex3f(-145, -70, -87);
    glVertex3f(-145, -70, -87);
    glEnd();

    //segitiga kanan
    glBegin(GL_QUADS);
    glColor3f(0.2, 0.2, 0.2);
    glVertex3f(95, -70, -13);
    glVertex3f(120, -40, -13);
    glVertex3f(145, -70, -13);
    glVertex3f(145, -70, -13);
    glEnd();

    glBegin(GL_QUADS);
    glColor3f(0.2, 0.2, 0.2);
    glVertex3f(95, -70, -87);
    glVertex3f(120, -40, -87);
    glVertex3f(145, -70, -87);
    glVertex3f(145, -70, -87);
    glEnd();

    glBegin(GL_QUADS);
    glColor3f(0.2, 0.2, 0.2);
    glVertex3f(195, -70, -13);
    glVertex3f(170, -40, -13);
    glVertex3f(145, -70, -13);
    glVertex3f(145, -70, -13);
    glEnd();

    glBegin(GL_QUADS);
    glColor3f(0.2, 0.2, 0.2);
    glVertex3f(195, -70, -87);
    glVertex3f(170, -40, -87);
    glVertex3f(145, -70, -87);
    glVertex3f(145, -70, -87);
    glEnd();
    /* kk2(-100.0, -120.0, -60.0, -40.0, -10.0, -90.0);
    kk2(-140.0, -120.0, -60.0, -40.0, -10.0, -90.0);*/
}
